      873
      874
      875
      875
      548
      875
      874
      879
      875
      880
      874
      879
      875
      878
      875
      875
      874
      875
      874
      874
      875
      874
      874
      875
      875
      876
      879
      874
      879
      875
      876
      875
      881
      874
      880
      875
      879
      874
      878
      876
      883
      874
      875
      875
      874
      875
      877
      875
      544
      876
      874
      874
      874
      873
      875
      874
      873
      881
      877
      879
