    46947
    46811
    46810
    46705
    46796
    46325
    47730
    46893
    46309
    46530
    46722
    46748
    47134
    46876
    46902
    46805
    46926
    46577
    46791
    46645
    46676
    46758
    46988
    47012
    46852
    46174
    47525
    47234
    46932
    46629
    47057
    47261
    46962
    46684
    46929
    47002
    46726
    47052
    46680
    46743
    46700
    46701
    46269
    46674
    46697
    48401
    47190
    47393
    47152
    46880
    47109
    46774
    46661
    46765
    46441
    46781
    46726
    46467
    47315
    47088
