     7203
     7282
     7155
     7192
     7170
     7139
     7202
     7151
     7159
     7216
     7180
     7124
     7203
     7191
     7213
     7143
     7200
     7084
     7199
     7208
     7162
     7197
     7154
     7216
     7189
     7211
     7205
     7142
     7242
     7210
     7271
     7220
     7182
     7224
     7248
     7221
     7215
     7204
     7281
     7239
     7243
     7269
     7294
     7252
     7217
     7212
     7269
     7255
     7342
     7579
     7221
     7236
     7186
     7148
     7221
     7204
     7248
     7206
     7298
     7329
