      109
      110
      106
      108
      109
      109
      107
      106
       73
      107
      107
      108
      111
      107
      109
      108
      107
      105
      106
      108
      106
      106
      106
      108
      107
      107
      107
      106
      107
      107
      110
      108
      106
      108
      107
      107
      106
      106
      108
      109
      107
      106
      107
      106
      108
      108
      106
       69
      110
      110
      107
      107
      107
      107
      106
      232
      231
      106
      105
      108
