   134835
   134529
   132297
   132342
   134528
   137357
   135155
   133464
   139100
   138529
   137700
   136839
   138147
   133606
   139333
   135385
   138028
   146773
   137461
   138341
   133628
   138532
   133807
   133802
   134632
   132329
   134640
   135440
   134014
   138171
   140427
   134750
   138047
   135787
   134917
   137276
   142829
   136195
   141151
   137225
   140132
   136118
   135945
   141603
   135396
   134895
   136653
   137219
   137051
   135517
   135196
   136138
   135188
   138818
   136018
   135782
   149503
   135426
   135431
   140320
