    46444
    46363
    42074
    46382
    47527
    44810
    44890
    47085
    45459
    46443
    46431
    46457
    46466
    46423
    46442
    46433
    46441
    46454
    46444
    46454
    46434
    46429
    46453
    46448
    46459
    46463
    46422
    46418
    46455
    46456
    46433
    46428
    46450
    46440
    46459
    46436
    46446
    46459
    46019
    46437
    46437
    46435
    46470
    46446
    46449
    46467
    46433
    46444
    46453
    46462
    46447
    46438
    46459
    46453
    46439
    46425
    46415
    46448
    46445
    46441
