      555
      552
      566
      550
      563
      552
      556
      554
      553
      551
      552
      548
      553
      551
      551
      548
      550
      552
      552
      552
      550
      560
      553
      601
      554
      551
      551
      552
      552
      562
      551
      567
      551
      557
      555
      554
      570
      567
      565
      563
      565
      564
      565
      563
      566
      566
      573
      564
      582
      567
      606
      576
      587
      579
      585
      576
      583
      573
      675
      579
