    21052
    22752
    20363
    20896
    20126
    22536
    20191
    19992
    20193
    20176
    20254
    20263
    22238
    20131
    22749
    20124
    20223
    22707
    20229
    20148
    20418
    20219
    20266
    20454
    20216
    20011
    20590
    20217
    20142
    20124
    20150
    20225
    20234
    20222
    20236
    20599
    20116
    20304
    20097
    20102
    20218
    20216
    20221
    20210
    20208
    20214
    20096
    20211
    20185
    19990
    19982
    20230
    20443
    20125
    20094
    20186
    20105
    20257
    20096
    20168
