    13540
    13532
    13539
    13536
    13540
    13534
    13544
    13538
    13542
    13541
    13535
    13538
    13539
    13539
    13535
    13536
    13537
    13540
    13548
    13549
    13544
    13534
    13543
    13537
    13545
    13542
    13536
    13536
    13539
    13544
    14828
    14822
    14833
    14826
    14831
    14823
    14833
    14827
    14831
    14822
    14830
    14825
    14832
    14821
    14826
    14826
    14858
    14826
    14828
    14833
    14822
    14837
    14823
    14835
    14844
    14826
    14835
    14846
    14822
    14871
