    28907
    56213
    59552
    54360
    23616
    60714
    54446
    38860
    38062
    39876
    37713
    33399
    44966
    43179
    58458
    41882
    43469
    56409
    57506
    36398
    35458
    35560
    34939
    29579
    39526
    24222
    38030
    37304
    57704
    57297
    36490
    37336
    57550
    45341
    30272
    57978
    37874
    38940
    37775
    38945
    37766
    43164
    58538
    58325
    43835
    46180
    43498
    38491
    56554
    56339
    56400
    56410
    57904
    38030
    39008
    24089
    29310
    38779
    38812
    38130
