     8562
     8598
     8519
     8518
     8587
     8738
     8735
     8743
     8747
     8744
     8750
     8635
     8517
     8523
     8533
     8528
     8545
     8565
     8771
     8756
     8739
     8738
     8737
     8517
     8524
     8513
     8528
     8610
     8738
     8551
     8525
     8562
     8742
     8739
     8726
     8818
     8694
     8750
     8722
     8728
     8730
     8742
     8731
     8736
     8733
     8744
     8579
     8733
     8724
     8737
     8727
     8569
     8759
     8742
     8737
     8579
     8726
     8752
     8602
     8734
