     2910
     2910
     2909
     2915
     2913
     2919
     2912
     2913
     2910
     2911
     2915
     2916
     2914
     2915
     2914
     2911
     2911
     2908
     2913
     2914
     2916
     2938
     2912
     2912
     2911
     2911
     2912
     2918
     2913
     2914
     2918
     2943
     2913
     2912
     2913
     2916
     2908
     2974
     2979
     2977
     3045
     3047
     3041
     3086
     3116
     3117
     3117
     3111
     3115
     3118
     3122
     3116
     3112
     3110
     3116
     3117
     3117
     3113
     3119
     3117
