    57503
    57134
    57275
    57482
    56880
    56794
    57588
    57727
    57536
    57716
    59228
    62943
    68288
    69547
    66283
    57012
    59053
    60598
    62501
    68329
    57703
    57529
    56810
    57213
    57132
    57411
    56855
    59764
    60291
    63233
    58551
    58655
    60881
    61061
    58889
    58495
    58352
    58865
    58800
    58240
    57313
    59759
    62936
    64522
    59205
    58510
    60550
    61387
    57202
    58304
    58684
    59962
    61767
    58468
    58906
    60223
    58101
    58956
    60419
    62521
