    19683
    19686
    19687
    19685
    19709
    19681
    19682
    19680
    19684
    19684
    19676
    19683
    19688
    19690
    19681
    19684
    19690
    19689
    19683
    19688
    19689
    19676
    19683
    19684
    19678
    19684
    19679
    19682
    19682
    19688
    22084
    22080
    22092
    22075
    22092
    22081
    22091
    22085
    22079
    22083
    22086
    22090
    22085
    22084
    22081
    22092
    22083
    22094
    22080
    22083
    22094
    22081
    22086
    22091
    22083
    22085
    22102
    22096
    22079
    22092
