     4995
     5004
     4990
     4996
     4987
     4988
     4991
     4991
     4993
     4992
     4997
     4991
     4990
     4991
     5012
     4997
     5011
     4995
     4994
     4994
     4987
     4993
     4994
     4991
     4989
     4988
     4999
     4991
     4991
     5012
     4990
     4990
     5017
     4994
     5005
     5012
     4993
     4991
     4992
     4995
     4994
     4991
     4989
     4992
     4992
     4993
     4989
     5079
     5160
     5220
     5299
     5340
     5342
     5418
     5467
     5463
     5460
     5466
     5463
     5466
