    34715
    37463
    37424
    37450
    33631
    37436
    35344
    37435
    36049
    37422
    37442
    37452
    37448
    37485
    37432
    32776
    37471
    34668
    37448
    33876
    37435
    37429
    37447
    37429
    34081
    34779
    37419
    33646
    37455
    35290
    40999
    40978
    40993
    40996
    41000
    37534
    41020
    41001
    41008
    32921
    37760
    41036
    41011
    41009
    40989
    37739
    41008
    41018
    41001
    41014
    40993
    40976
    37708
    40979
    41011
    38104
    40979
    41021
    41010
    41024
