    80186
    80229
    80226
    80179
    81011
    78159
    66285
    66301
    66270
    66248
    66274
    66277
    66252
    66257
    66297
    66246
    66313
    66307
    66328
    65780
    66294
    66294
    65470
    66282
    65622
    66157
    66256
    66275
    66247
    65331
    78422
    80252
    73044
    65780
    76421
    80263
    80263
    80245
    80268
    80252
    79859
    72308
    66056
    65246
    66312
    66257
    66282
    66316
    66299
    66269
    66235
    66289
    66242
    66252
    66348
    66296
    66318
    66257
    66290
    66296
