    31315
    31318
    31304
    31320
    31340
    31321
    31342
    31335
    31325
    31337
    31328
    31322
    31322
    31329
    31321
    31317
    31317
    31329
    31321
    31298
    39104
    31332
    31320
    31331
    31341
    31331
    31317
    31323
    31308
    31302
    35142
    35118
    35142
    35136
    35154
    35142
    35136
    35118
    35135
    35143
    35132
    35147
    35148
    35134
    35136
    35140
    35151
    35121
    35148
    35153
    35156
    35150
    35113
    35148
    35139
    35155
    35121
    35117
    35110
    35119
