    36873
    36880
    35207
    36214
    35966
    36142
    36876
    36869
    37465
    34758
    35630
    35936
    35972
    35933
    35961
    36270
    35956
    36238
    36897
    36828
    36851
    36859
    36970
    36851
    36859
    36892
    36856
    36910
    40232
    31925
    36505
    36405
    36898
    35966
    36275
    36895
    36867
    36873
    36869
    36889
    36895
    36886
    36885
    36893
    36872
    38651
    36897
    36853
    36871
    36881
    36853
    36882
    36621
    31569
    34094
    35472
    35960
    36283
    36937
    36864
