    98608
    98631
    98661
    98652
    98893
    99266
    98198
    99034
    99351
    98701
    99122
    99337
    98949
    99546
   104703
    99235
    99253
    99349
    99359
    98792
    98798
    99135
    98879
    99575
    99283
    98815
    98984
    99128
    99263
    99225
    99023
    98831
    99142
    99128
    99055
    98966
    99656
    99583
    99782
    99797
    98858
    99218
    98846
    98596
    98996
    99644
   100111
    99451
    99357
    99040
    99124
    98194
    97904
    99007
    98488
    98692
    98704
    99224
   102831
    98940
