     9750
     9752
     9750
     9755
     9753
     9748
     9745
     9750
     9750
     9763
     9754
     9746
     9748
     9749
     9751
     9751
     9751
     9748
     9745
     9750
     9748
     9752
     9752
     9749
     9745
     9744
     9753
     9755
     9750
     9755
    10873
    10942
    10941
    10943
    10939
    10939
    10935
    10946
    10945
    11042
    11248
    11214
    11217
    11217
    11227
    11211
    11210
    11228
    11209
    11194
    11215
    11212
    11218
    11211
    11229
    11215
    11213
    11227
    11210
    11211
