     8681
     8706
     8670
     8721
     9001
     8736
     8726
     8699
     8734
     8689
     8726
     8720
     8709
     8707
     8639
     8728
     8738
     8695
     8722
     8692
     8740
     8728
     8667
     8741
     8750
     8681
     8686
     8721
     8734
     8682
     8660
    16932
     8762
     8854
     8780
     9054
     8746
     8729
     8748
     8743
     8741
     8755
     8962
     8765
     8764
     8761
     8750
     8729
     8728
     8774
     8737
     8747
     8753
     8759
     8750
     8761
     8635
     8769
     8707
     8729
