    17267
    17172
    17396
    17128
    17372
    17368
    17282
    17164
    17057
    16930
    17081
    17107
    17060
    16986
    17332
    18261
    18112
    18005
    18067
    18146
    19103
    19532
    19285
    19507
    20485
    22579
    22756
    22758
    22699
    22070
    17261
    17267
    17218
    17190
    17183
    17284
    17322
    17399
    18030
    18044
    18005
    18169
    18237
    17708
    17287
    17288
    17239
    16986
    17257
    17361
    17264
    18610
    18536
    18626
    18623
    18578
    17967
    17398
    17158
    17458
