     9356
     9528
     9592
     9581
     9585
     9582
     9589
     9588
     9582
     9583
     9582
     9590
     9630
     9827
     9595
     9593
     9586
     9823
     9589
     9585
     9586
     9585
     9584
     9646
     9823
     9834
     9826
     9822
     9822
     9826
     9559
     9587
     9584
     9587
     9593
     9593
     9625
     9826
     9828
     9823
     9825
     9833
     9830
     9826
     9825
     9827
     9830
     9823
     9826
     9831
     9825
     9824
     9826
     9829
     8434
     9827
     9830
     9822
     9822
     9831
