     2487
     2535
     2786
     2482
     2491
     2517
     2479
     2551
     2567
     2477
     2474
     2553
     2461
     2638
     2481
     2449
     2528
     2499
     2557
     2510
     2438
     2545
     2510
     2476
     2469
     2455
     2556
     2474
     2524
     2516
     2480
     2666
     2406
     2469
     2418
     2489
     2595
     2489
     2488
     2664
     2495
     2659
     2487
     2486
     2493
     2524
     2566
     2485
     2482
     2553
     2510
     2601
     2675
     2500
     2663
     2476
     2487
     2437
     2445
     2673
