       72
       71
       73
       73
       75
       74
       75
       73
       75
       80
       74
       72
       74
       73
       72
       74
       75
       73
       72
       80
       70
       74
       73
       73
       87
       75
       74
       72
       74
       76
       75
       75
       73
       74
       72
       71
       78
       71
       71
       74
       72
       71
       72
       73
       71
       86
       72
       72
       73
       80
       72
       72
       73
       73
       73
       72
       75
       73
       71
       72
