    38184
    41657
    35854
    41684
    35869
    41746
    35879
    41708
    35860
    35866
    35651
    38839
    41885
    35863
    41743
    41794
    35843
    35867
    35713
    35806
    35697
    35801
    35757
    41731
    36263
    35661
    41861
    35812
    41834
    35802
    44918
    49223
    49209
    49184
    46706
    49181
    49144
    49180
    46731
    37994
    38347
    38360
    38622
    38387
    38446
    38379
    42569
    38209
    38422
    38397
    38228
    38374
    38377
    37918
    38366
    44591
    44608
    44582
    38379
    44583
