      740
      842
      821
      739
      838
      780
      754
      757
      734
      756
      748
      743
      797
      738
      754
      756
      986
      739
      740
      764
      748
      856
      751
      743
      755
      738
      755
      754
      764
      741
      761
      841
      760
      753
      755
      752
      755
      756
      756
      757
      753
      758
      749
      752
      758
      753
      796
      753
      743
      772
      757
      756
      755
      753
      755
      752
      757
      806
      754
      754
