    26777
    26770
    26767
    26762
    26767
    26765
    26759
    26763
    26757
    26756
    26765
    26762
    26754
    26763
    26765
    26748
    26761
    26750
    26750
    26747
    29446
    30767
    33181
    30777
    30765
    30765
    30791
    30770
    30773
    30773
    30777
    30764
    30772
    30640
    26877
    26823
    28296
    29169
    29865
    30012
    30032
    30014
    30022
    29999
    30026
    30013
    30008
    30395
    30747
    30742
    30774
    30764
    30766
    30761
    30768
    30770
    30768
    30771
    30784
    30761
