    32193
    32059
    31781
    32048
    32027
    31913
    31834
    31716
    31734
    31983
    32012
    37919
    32055
    31743
    32051
    31815
    31838
    31990
    34146
    34022
    38020
    31739
    32724
    31879
    31974
    31991
    37910
    31959
    31829
    31892
    31818
    35842
    31696
    62964
    39042
    34003
    33310
    33232
    33424
    33401
    33488
    33451
    33415
    33477
    33288
    33320
    33257
    33323
    33499
    33246
    33274
    33282
    35037
    33304
    33292
    33281
    33313
    33187
    33304
    33287
