    96976
    94124
   109994
   134795
   125920
   113157
   122313
   119445
   116108
   116965
    93950
   100196
   107286
   116626
    92568
    89194
    90346
    90915
    89850
    95739
    89052
    89018
    89720
    90893
    90494
    89945
    90695
    97214
   107452
    93686
    97204
    90088
    90105
    92034
    91270
    91334
    91120
    91609
    94015
   100753
   107557
   116668
    93141
    93192
    91661
    91392
    90884
    90699
    91483
    91964
   103426
    96903
    91028
    99090
    93025
    90948
    90768
    91854
    96003
   108489
