     8674
     8675
     8719
     8695
     8645
     8781
     8663
     8713
     8668
     8704
     8720
     8674
     8742
     8668
     8647
     8806
     8929
     8685
     8634
     8661
     8632
     8671
     8637
     9007
     9025
     8730
     8849
     8593
     8679
     8658
     8871
     9036
     8758
     8675
     8723
     8764
     8880
     8824
     8898
     8978
     8750
     8888
     8842
     8864
     8771
     8891
     8668
     8755
     8956
     8700
     8763
     8876
     9214
     8916
     8848
     9058
     8772
     9056
     8785
     8888
