     1092
     1101
     1087
     1086
     1101
     1074
     1088
     1090
     1088
     1085
     1140
     1088
     1089
     1091
     1086
     1091
     1087
     1125
     1087
     1077
     1089
     1088
     1131
     1086
     1088
     1086
     1092
     1089
     1084
     1089
     1110
     1155
     1110
     1086
     1266
     1110
     1108
     1090
     1087
     1086
     1091
     1152
     1110
     1121
     1122
     1088
     1138
     1100
     1196
     1114
     1089
     1134
     1149
     1076
     1087
     1089
     1140
     1125
     1077
     1090
