    17003
    17017
    17014
    17012
    17007
    17009
    16998
    17001
    17000
    16998
    17004
    17030
    17001
    16999
    17008
    17035
    17001
    17002
    17020
    16668
    15363
    15881
    16197
    16482
    16589
    16590
    16771
    17023
    17002
    17009
    17008
    17001
    16998
    17004
    17003
    17006
    17015
    17000
    17009
    17000
    17004
    17011
    16996
    17001
    17005
    17028
    16996
    17002
    17004
    16993
    17016
    17005
    17004
    17004
    17003
    17001
    17001
    17008
    17002
    15894
