    29216
     7124
    12850
     4523
    16686
    10720
     4072
    23295
     5897
    14543
     8518
     8010
     3674
    14882
    14750
     5578
     4641
     3774
     3693
     4226
     7176
    27663
     6236
    19671
    14553
    11131
    28100
     7181
    12836
    10762
    13464
    19165
    24778
    11023
    18560
     3698
     7986
     3774
     3733
     4009
     3878
     3666
    26013
     3759
    14888
    10092
     7119
     9645
     7345
    11404
    29770
     7314
    14806
    18792
     7220
    18074
     7217
     3749
     5625
    15537
