     4327
     4323
     5133
     4333
     4321
     4317
     4333
     4332
     4363
     4426
     4428
     4424
     4428
     4420
     4430
     4440
     4424
     4426
     4429
     4428
     4318
     4326
     4321
     4319
     4347
     4423
     4428
     4426
     4420
     4432
     4329
     4323
     4322
     4367
     4426
     4442
     4428
     4425
     4422
     4429
     4432
     4429
     4431
     4427
     4420
     4428
     4427
     4422
     4438
     4430
     4436
     4420
     4425
     4432
     4423
     4421
     4426
     4406
     4426
     4430
