      640
      638
      638
      639
      639
      641
      638
      658
      638
      681
      641
      644
      639
      644
      637
      653
      637
      641
      636
      647
      638
      647
      636
      644
      640
      644
      638
      640
      639
      644
      636
      639
      639
      640
      641
      638
      637
      640
      649
      639
      641
      638
      641
      636
      663
      639
      642
      640
      639
      639
      638
      640
      639
      643
      638
      639
      637
      641
      638
      645
