    15037
    15191
    15212
    15192
    15181
    15251
    15218
    14976
    15218
    15215
    14966
    15190
    15216
    15199
    15222
    15221
    14984
    15219
    15187
    15011
    15190
    15210
    15188
    15204
    15186
    15199
    15245
    15205
    14966
    14972
    15076
    15186
    15218
    15192
    15190
    15190
    15194
    15201
    15217
    15320
    15313
    15235
    16742
    15586
    15603
    15586
    15613
    15582
    15579
    15584
    15598
    15611
    15578
    15604
    15591
    15594
    15577
    15587
    15583
    15588
