      725
      728
      724
      724
      724
      729
      724
      725
      723
      729
      721
      723
      723
      724
      724
      723
      726
      729
      728
      725
      724
      723
      723
      722
      728
      724
      723
      726
      726
      724
      729
      729
      732
      726
      730
      727
      733
      726
      728
      725
      734
      726
      727
      726
      727
      724
      713
      723
      727
      724
      734
      723
      724
      724
     1239
      726
      722
      730
      726
      746
