      519
      518
      520
      590
      519
      516
      517
      518
      520
      519
      520
      517
      528
      530
      532
      550
      528
      541
      528
      539
      531
      534
      529
      575
      529
      532
      529
      531
      529
      529
      526
      519
      527
      516
      517
      540
      530
      529
      529
      528
      532
      529
      534
      528
      532
      529
      530
      528
      532
      528
      532
      530
      530
      529
      531
      529
      531
      530
      528
      528
