     2418
     2458
     2421
     2435
     2429
     2456
     2452
     2463
     2463
     2462
     2455
     2456
     2465
     2491
     2459
     2467
     2460
     2185
     2469
     2454
     2463
     2470
     2459
     2461
     2456
     2461
     2459
     2476
     2484
     2456
     2232
     2198
     2188
     2188
     2191
     2198
     2191
     2197
     2232
     2212
     2224
     2191
     2195
     2201
     2191
     2194
     2205
     2188
     2190
     2197
     2233
     2239
     2284
     2312
     2294
     2292
     2338
     2352
     2345
     2342
