      223
      224
      231
      222
      228
      222
      233
      228
      222
      224
      224
      227
      231
      227
      223
      228
      221
      229
      218
      219
      221
      218
      221
      216
      219
      224
      221
      224
      233
      231
      216
      216
      217
      213
      214
      213
      214
      231
      221
      216
      215
      217
      217
      215
      214
      238
      215
      215
      216
      215
      221
      217
      218
      222
      219
      219
      219
      218
      220
      222
