     3038
     3172
     2926
     3000
     2956
     2903
     3005
     2918
     3019
     3318
     2919
     3033
     3018
     3013
     3039
     3039
     2944
     3056
     2933
     3056
     3087
     3040
     3072
     3050
     3066
     3171
     3076
     3179
     3166
     3146
     3197
     5767
     3257
     3291
     3132
     3274
     3332
     3332
     3196
     3236
     3350
     3311
     3325
     3392
     3265
     3479
     3414
     3469
     3412
     3339
     3448
     3262
     3399
     3485
     3554
     3508
     3574
     3510
     3511
     3549
