     7873
     7870
     7864
     8870
     7875
     7887
     7808
     7702
     7707
     7746
     7742
     7896
     7871
     7794
     7876
    11862
     7703
     7793
     7878
     7888
     7847
     8014
     7888
     7935
     7870
     7845
     7810
     7923
     7747
     7778
     7553
     7699
     7734
     7856
     7846
     7846
     7940
     7883
     7869
     7863
     7893
     7857
     7944
     7969
     7837
     7905
     8066
     8077
     8076
     7864
     7908
     7879
     7901
     7879
     7843
     7843
     7836
     7833
     7863
     7839
