     3932
     3949
     3929
     3922
     3935
     3925
     3924
     3993
     4018
     4023
     4037
     4031
     4022
     4082
     4031
     4041
     4070
     4021
     4036
     4020
     4020
     4031
     4030
     4020
     4019
     4034
     4023
     4039
     4036
     4033
     4021
     4038
     4023
     4025
     4029
     4032
     4029
     4058
     4022
     4031
     4032
     4031
     4041
     4033
     4032
     4032
     4035
     4030
     4017
     4027
     4020
     4040
     4019
     4023
     4038
     6235
     4029
     4023
     4025
     4032
