     4782
     4835
     4795
     4841
     4787
     4782
     4795
     4814
     4843
     4792
     4787
     4788
     4781
     4789
     4788
     4787
     4787
     4788
     4903
     4782
     4786
     4872
     4902
     4906
     4900
     4908
     4906
     4902
     4903
     4905
     4587
     4669
     4674
     4666
     4682
     4683
     4675
     4722
     4691
     4771
     4781
     4788
     4850
     4798
     4779
     4790
     4788
     4795
     4783
     4821
     4790
     4789
     4786
     4787
     4784
     4791
     4787
     4783
     4786
     4786
