    12326
       39
       37
       33
    12524
       37
    12151
       21
       34
    11341
    10351
     8917
     5214
       26
    10358
       11
     4592
       31
       31
     4395
    10348
    10334
       21
    10351
       29
       15
       10
       15
       17
       13
       36
     8789
     9134
       12
       32
     1380
       95
    11906
    10358
    10359
     4028
     6129
       33
     8436
       10
       33
    10352
    10352
       30
       10
    10352
       30
      184
       30
    20700
    10586
    10510
       26
     7250
    10580
