     6027
     6106
     6265
     6328
     6321
     5938
     6063
     6130
     6015
     6113
     6256
     6134
     6090
     6126
     6163
     6155
     6165
     6158
     6377
     6044
     6211
     6267
     6315
     5866
     6283
     6339
     6156
     5951
     6043
     6392
     6118
     6108
     6256
     6210
     5798
     6239
     5867
     6058
     5973
     6009
     6261
     6160
     6353
     6089
     5653
     5718
     6071
     6112
     6061
     6030
     6031
     5963
     6159
     6139
     6034
     5986
     5710
     6241
     6225
     6221
