      556
      604
      593
      571
      576
      573
      589
      572
      572
      569
      579
      575
      570
      594
      569
      645
      571
      571
      574
      584
      586
      590
      583
      586
      590
      585
      586
      657
      582
      590
      574
      569
      585
      571
      578
      571
      572
      577
      575
      615
      576
      572
      573
      570
      589
      570
      589
      588
      593
      584
      585
      588
      586
      592
      590
      599
      590
      587
      581
      586
