    19081
    21450
    21462
    21184
    21679
    21433
    21647
    21496
    21331
    21492
    21942
    21280
    21031
    21273
    21191
    21139
    21274
    21133
    21415
    21339
    21200
    21183
    21282
    21487
    21285
    21274
    21655
    21287
    21386
    21212
    25630
    25277
    23649
    25302
    26883
    28897
    29855
    28566
    33792
    33542
    36589
    37173
    35625
    29701
    29252
    27415
    22718
    25257
    25627
    25237
    25162
    25192
    25617
    23222
    25173
    25020
    21168
    21039
    21285
    21247
