      242
      240
      239
      241
      239
      240
      237
      239
      243
      241
      240
      241
      240
      243
      242
      240
      245
      241
      242
      246
      242
      243
      242
      242
      243
      241
      242
      273
      242
      245
      243
      239
      249
      244
      242
      242
      241
      240
      249
      249
      292
      241
      241
      242
      241
      246
      244
      244
      243
      242
      247
      243
      243
      267
      243
      242
      242
      242
      243
      244
