    18260
    19172
    18619
    18619
    18692
    18665
    18962
    16744
    18650
    18923
    18944
    18925
    18635
    18720
    18471
    21991
    17882
    17252
    21273
    22140
    18862
    22030
    18867
    24223
    18827
    18833
    18524
    18937
    17630
    18702
    18727
    18750
    16919
    18741
    18869
    18334
    18671
    18725
    18713
    18671
    18362
    18347
    23407
    21398
    17671
    18783
    18725
    18741
    18474
    18705
    18623
    18615
    19156
    18349
    18911
    18737
    17507
    18687
    18664
    18537
