     6883
     6888
     6910
     6899
     6918
     6898
     6897
     7012
     7066
     7104
     7049
     7067
     7071
     7089
     7071
     7102
     7057
     7117
     7066
     7068
     6727
     6783
     6897
     6925
     6899
     6916
     6906
     6890
     6873
     6930
     6892
     6889
     6899
     7012
     7129
     7100
     7058
     7147
     7107
     7072
     7082
     7059
     7069
     7062
     7060
     7077
     7119
     7064
     7071
     7065
     7068
     7063
     7061
     7054
     7080
     7069
     7057
     7063
     7065
     7063
