       45
       46
       50
       48
       34
       34
       39
       37
       34
       36
       35
       45
       36
       36
       37
       34
       35
       38
       38
       40
       33
       34
       35
       36
       34
       33
       38
       31
       35
       39
       47
       40
       39
       35
       35
       38
       33
       37
       43
       33
       34
       35
       45
       33
       33
       37
       35
       34
       37
       33
       36
       37
       34
       35
       34
       35
       34
       41
       36
       34
