     1487
     1494
     1513
     1539
     1534
     1506
     1519
     1530
     1513
     1513
     1520
     1503
     1528
     1508
     1541
     1544
     1556
     1546
     1543
     1553
     1539
     1542
     1539
     1543
     1546
     1542
     1544
     1546
     1585
     1584
     1511
     1512
     1504
     1508
     1509
     1506
     1510
     1511
     1565
     1573
     1565
     1558
     1544
     1560
     1556
     1542
     1544
     1578
     1552
     1554
     1545
     1579
     1562
     1552
     1585
     1556
     1560
     1565
     1541
     1546
