      379
      297
      287
      283
      295
      288
      288
      282
      288
      277
      294
      291
      298
      288
      294
      282
      293
      290
      292
      297
      307
      323
      260
      294
      285
      296
      287
      286
      298
      295
      293
      280
      295
      302
      297
      292
      287
      291
      283
      270
      287
      287
      295
      312
      383
      310
      291
      261
      291
      288
      291
      309
      288
      307
      286
      265
      286
      290
      305
      290
