       53
       51
       52
       52
       52
       48
       48
       49
       52
       50
       52
       50
       54
       50
       48
       50
       51
       51
       53
       51
       49
       65
       50
       48
       47
       51
       49
       49
       50
       49
       53
       72
       52
       69
       51
       50
       51
       53
       50
       71
       71
       50
       49
       48
       53
       51
       54
       49
       59
       49
       48
       90
       52
       53
       49
       50
       56
       50
       53
       49
