       34
       42
       34
       36
       36
       29
       35
       31
       35
       38
       30
       29
       38
       34
       29
       30
       33
       31
       30
       34
       34
       28
       32
       27
       34
       36
       27
       32
       31
       27
       33
       35
       32
       38
       27
       29
       33
       30
       35
       27
       39
       35
       35
       31
       37
       32
       34
       31
       29
       35
       37
       35
       28
       31
       32
       30
       31
       33
       29
       37
