     9714
     9682
     9685
     9677
     9694
     9689
     9696
     9695
     9686
     9700
     9710
     9690
     9781
     9763
     9870
     9926
     9930
     9959
     9942
     9931
     9935
    10026
     9942
    10036
     9991
     9931
    10006
     9931
    10084
    10010
     9684
     9705
     9698
     9690
     9707
     9692
     9693
     9686
     9700
     9690
     9692
     9695
     9758
     9785
     9940
     9950
     9963
     9939
     9945
     9936
     9935
     9943
     9939
     9955
     9940
     9942
     9942
     9958
     9947
     9963
