     6623
     8752
    18536
    15209
    16766
    23767
    32900
     6610
     6248
     8782
    30016
     9489
    18094
     6738
    19907
    17636
    31838
     6723
    31922
    33255
    28976
     7953
     7230
     7994
    19918
     7319
    24377
     6186
    33106
    32120
    13853
    15998
    12010
    15269
    15091
    33456
     6778
     6871
     7972
     6437
    32558
    29089
     7751
    32645
    31328
     6811
     6738
     6756
    18110
     6745
    18445
     6184
    29683
    31702
    14223
    15991
     9723
    31724
     6752
    31058
