      300
      280
    10999
    10956
      322
      526
      373
      363
    10832
      455
    10937
      385
     3251
    11130
      521
     6361
      521
     3966
    11185
      286
    10593
      849
      512
     3493
     6157
      298
    11108
      269
      526
    10832
     5958
      522
      414
      393
      766
      528
      420
     3347
    10846
      317
      778
      503
      390
      525
     1092
      323
    11134
      528
      698
    11070
      529
     5894
     6010
    10829
      468
      371
    10938
      452
      514
     9736
