    24644
    24429
    27311
    27012
    26665
    26705
    26008
    30029
    24778
    27044
    26544
    24571
    26904
    27072
    26587
    27033
    27028
    27107
    26530
    26968
    38976
    27045
    27074
    27119
    26940
    26999
    27016
    27031
    26984
    26759
    24724
    26603
    25517
    25394
    26954
    26537
    26999
    27035
    24620
    27018
    26745
    26932
    26964
    26749
    26593
    26694
    31238
    26860
    26585
    26665
    26513
    26920
    26906
    26940
    26742
    26732
    26979
    26975
    26910
    26625
