     6390
     5648
     6331
     6234
     5645
     6326
     6244
     6464
     5931
     6313
     5793
     6440
     6337
     5734
     6316
     6343
     5710
     5760
     5637
     6337
     6236
     6452
     6506
     6434
     6416
     6411
     6376
     6498
     6406
     6376
     6352
     6407
     6241
     6415
     6285
     6415
     5799
     6441
     6297
     6413
     6291
     6244
     6272
     6235
     6245
     6443
     6316
     6308
     6338
     6377
     6238
     6363
     6393
     6360
     6484
     5789
     6292
     6445
     6331
     6414
