    28872
    27130
    27723
    26238
    22120
    21770
    21555
    26370
    31107
    26369
    27853
    24966
    45419
    25740
    27281
    20716
    23327
    20375
    18557
    21854
    23427
    22275
    21479
    23076
    23301
    22881
    23088
    23012
    23112
    23223
    24179
    26586
    25496
    28343
    26522
    27263
    24083
    21273
    21435
    21394
    21611
    21467
    21259
    26455
    27325
    25878
    21404
    26630
    26744
    25236
    21394
    26868
    27335
    21629
    24515
    26361
    26305
    22877
    26386
    26379
