     7912
     7665
     7070
     7908
     7597
     7903
     7934
     7942
     7920
     7936
     7948
     8051
     7807
     7863
     7955
     7953
     7953
     7859
     7937
     7936
     7921
     7912
     7873
     7577
     7880
     7856
     7550
     7853
     7867
     7938
     7190
     7248
     6910
     7311
     7673
     7419
     7700
     7705
     7768
     7734
     7751
     7642
     7779
     7243
     7771
    11038
     7595
     8889
     7768
     7159
     7514
     6970
     7038
     6887
     6883
     7253
     7263
     7330
     7721
     7329
