    24116
    24068
    24098
    24160
    24109
    24072
    24094
    24076
    24144
    24116
    24101
    24123
    24165
    24108
    24164
    24095
    24110
    24149
    24107
    24113
    24145
    24106
    24132
    24120
    24116
    24044
    24074
    24161
    24109
    24128
    24596
    24602
    24580
    24499
    24526
    24820
    24526
    24681
    24720
    24745
    24729
    24726
    23940
    24146
    24478
    24827
    24738
    24919
    24764
    24759
    24754
    24807
    24787
    24734
    24750
    24752
    24763
    24954
    24724
    24733
