     5384
     5539
     5528
     5528
     5530
     5544
     5531
     5512
     5526
     5466
     5527
     5527
     6054
     5529
     5535
     5446
     5537
     5613
     5606
     5800
     6018
     6349
     6223
     6018
     6348
     6371
     6175
     6366
     5821
     6276
     6185
     6208
     5589
     6190
     6200
     6188
     9419
     6068
     7440
     5529
     5662
     6199
     6207
     6198
     6139
     6051
     6362
     6353
     6356
     6355
     6257
     6444
     5883
     6430
     6184
     6187
     6096
     6262
     8563
     6362
