    11468
    11443
    11440
    11460
    11487
    11481
    11486
    11545
    11477
    11484
    11536
    11488
    11473
    11521
    11508
    11469
    11334
    11403
    11496
    11492
    11503
    11489
    11484
    11457
    11505
    11489
    11491
    11464
    11484
    11490
    11511
    11243
    11009
    11160
    11229
    11405
    11502
    11497
    11498
    11493
    11508
    11502
    11554
    11501
    11503
    11467
    11501
    11479
    11502
    11477
    11499
    11524
    11513
    11492
    11494
    11461
    11492
    11488
    11508
    11466
