       40
       41
       44
       41
       35
       34
       38
       31
       29
       40
       32
       29
       39
       35
       32
       36
       39
       37
       40
       40
       39
       34
       38
       35
       35
       42
       29
       33
       33
       29
       45
       40
       36
       32
       37
       36
       35
       35
       32
       37
       32
       36
       38
       29
       30
       31
       31
       36
       29
       30
       37
       33
       34
       34
       34
       37
       32
       32
       37
       27
