     3998
     4176
     4656
     4184
     4058
     4110
     3862
     4112
     4094
     4132
     4150
     4128
     4120
     4138
     4129
     4128
     4163
     4425
     4439
     4457
     4507
     5031
     4409
     4306
     4448
     4520
     4399
     4500
     4694
     4525
     4034
     4291
     4301
     4299
     4358
     4195
     3985
     4302
     4389
     4374
     4376
     4094
     4096
     4382
     4376
     4082
     4380
     4131
     4394
     4433
     4365
     4351
     4374
     4270
     4382
     4368
     4334
     4383
     4402
     4377
