     8500
     8430
     8450
     8545
     8458
     8457
     8445
     8453
     8445
     8461
     8473
     8443
     8447
     8449
     8456
     8496
     8523
     8441
     8460
     8441
     8437
     8443
     8443
     8440
     8458
     8448
     8443
     8461
     8442
     8445
     8230
     8235
     8240
     8238
     8233
     8234
     8259
     8260
     8246
     8264
     8251
     8240
     8237
     8329
     8286
     8249
     8242
     8261
     8351
     8445
     8442
     8441
     8445
     8443
     8448
     8449
     8440
     8467
     8434
     8440
