    16995
    17031
    16995
    17022
    17060
    17006
    16993
    16990
    17049
    17007
    17005
    16994
    17016
    17028
    17024
    17011
    16982
    17030
    17072
    17024
    16992
    16985
    16998
    16997
    17013
    16983
    16986
    17027
    17010
    17038
    17077
    17133
    17051
    17041
    17278
    17557
    17475
    17264
    16990
    16959
    17029
    17029
    17020
    17235
    17030
    17235
    17117
    17033
    17302
    17109
    17035
    17262
    17013
    17271
    17017
    17252
    17355
    17049
    17025
    17017
