    13517
    13543
    13506
    13548
    13532
    13543
    13509
    13551
    13508
    13520
    13532
    13545
    13516
    13544
    13503
    13549
    13545
    13509
    13549
    13547
    13519
    13525
    13531
    13514
    13520
    13513
    13506
    13497
    13532
    13503
    13529
    13153
    12769
    13029
    13078
    13230
    13181
    13169
    13388
    13361
    13454
    13370
    13407
    13366
    13525
    13216
    13372
    13370
    13406
    13422
    13400
    13360
    13328
    13389
    13516
    13540
    13526
    13512
    13512
    13549
