    14969
    14918
    14880
    14946
    14890
    14897
    14877
    14898
    14887
    14915
    14993
    14884
    14895
    14333
    13060
    13747
    14154
    14382
    14502
    14621
    14577
    14524
    14687
    14933
    14891
    14901
    14900
    14894
    14890
    14889
    14925
    14884
    14910
    14877
    14891
    14888
    14879
    14878
    14895
    14882
    14893
    14923
    14854
    14899
    14891
    14874
    14900
    14893
    14888
    14891
    14869
    14889
    14889
    14900
    14881
    14918
    14930
    14909
    14896
    14893
