     6028
     5987
     6017
     6065
     6126
     6141
     6130
     6192
     6148
     6130
     6132
     6146
     6156
     6161
     6181
     6089
     5987
     5984
     6021
     6171
     6052
     6143
     6131
     6161
     6156
     6141
     6174
     6130
     6187
     6159
     6156
     6141
     6203
     6134
     6138
     6144
     6126
     6151
     6139
     6161
     6136
     6134
     6150
     6139
     6152
     6151
     6140
     6136
     6138
     6140
     6135
     6140
     6149
     6141
     6136
     6131
     6140
     6154
     6142
     6181
