      184
      181
      180
      182
      188
      180
      179
      176
      178
      179
      174
      176
      175
      176
      180
      175
      177
      173
      178
      181
      174
      179
      176
      180
      177
      202
      181
      177
      175
      174
      182
      176
      178
      175
      178
      254
      174
      176
      176
      176
      180
      178
      175
      176
      175
      193
      179
      175
      178
      176
      178
      176
      176
      182
      174
      178
      177
      179
      178
      177
