    16739
    16738
    16979
    19614
    19012
    17307
    16776
    16454
    16754
    16629
    17027
    16998
    16635
    16657
    16894
    16999
    16947
    16926
    17005
    16882
    16937
    16948
    17090
    16964
    16231
    16418
    16661
    16742
    16736
    16929
    16836
    18940
    17415
    16839
    16871
    17010
    17050
    16596
    16945
    17031
    17017
    16935
    16365
    16684
    16864
    16993
    17016
    16682
    16987
    17236
    16870
    16953
    17044
    16995
    16864
    16859
    16995
    16877
    16949
    17002
