      275
      275
      275
      275
      276
      275
      276
      276
      274
      274
      275
      274
      274
      303
      275
      275
      274
      273
      279
      275
      275
      274
      276
      276
      274
      274
      278
      276
      275
      274
      276
      276
      275
      276
      276
      275
      298
      275
      276
      275
      275
      277
      274
      276
      276
      275
      275
      275
      276
      279
      278
      277
      275
      275
      275
      236
      276
      279
      275
      279
