     2210
     2166
     2196
     2218
     2229
     2222
     2235
     2210
     2193
     2171
     2210
     2225
     2193
     2164
     2270
     2125
     2220
     2120
     2186
     2253
     2185
     2222
     2196
     2176
     2271
     2179
     2313
     2239
     1932
     2185
     2245
     2027
     2190
     2281
     2275
     2233
     2341
     2139
     2140
     2275
     2150
     2128
     2263
     2257
     2331
     2305
     2244
     2305
     2346
     2292
     2138
     2292
     2271
     2279
     2181
     2245
     2240
     2237
     2228
     2221
