    15661
    15571
    17116
     4566
     4053
     4225
    15114
     4311
    23236
     4377
    14543
     5217
    26666
    27504
    29019
    29309
    17860
    29468
     4332
     7676
     3702
    13813
     7311
     5207
     4433
     6861
    24587
    29496
    30021
    27145
     5699
     6124
    19522
    28854
    28475
    12646
    15345
     4573
     4438
    29569
     6280
    29574
     3968
     4096
    12707
     4417
     8010
    17984
     7696
    20025
     4678
    29976
    14951
    15536
    23701
    28685
    29022
     7238
    15355
     6458
