    21466
    21466
    21473
    21492
    21459
    21466
    21483
    21438
    21464
    21469
    21471
    21444
    21469
    21535
    21510
    21465
    21489
    21624
    21456
    21467
    21444
    21445
    21580
    21444
    21467
    21485
    21504
    21439
    21565
    21441
    21456
    21452
    21427
    21475
    21460
    21459
    35375
    37597
    19660
    20702
    21088
    21465
    21529
    21471
    21330
    21459
    21558
    21472
    21510
    21715
    21467
    21478
    21448
    21455
    21462
    21460
    21475
    21449
    21446
    21449
