    20141
    20227
    20197
    20136
    20213
    20217
    20191
    20171
    20156
    15973
    20176
    20172
    20194
    20375
    20161
    20164
    20142
    15809
    20211
    20184
    20147
    16046
    20166
    20190
    20150
    20165
    20143
    20224
    20220
    20147
    20206
    20162
    20155
    20159
    20202
    20195
    20176
    20193
    20167
    20166
    20196
    20152
    20177
    20212
    20202
    20171
    20185
    20182
    20155
    20232
    20168
    20172
    20227
    20196
    20217
    20226
    20201
    20176
    20197
    20215
