       38
       35
       35
       36
       34
       37
       36
       36
       36
       39
       36
       36
       36
       38
       36
       55
       37
       37
       35
       35
       36
       40
       40
       34
       37
       36
       36
       37
       38
       40
       35
       37
       40
       38
       39
       38
       39
       38
       35
       41
       39
       37
       42
       48
       35
       37
       39
       39
       39
       64
       37
       37
       38
       37
       41
       36
       40
       41
       35
       55
