    25885
    25032
    25073
    25145
    25118
    25031
    25300
    25166
    25292
    25186
    25704
    27718
    28185
    28604
    28779
    28872
    28835
    28794
    28743
    29088
    28788
    28751
    28839
    29034
    28940
    28851
    28838
    28800
    28727
    28921
    28898
    28924
    28828
    28823
    25995
    25018
    26688
    27756
    28096
    28567
    28831
    28764
    28761
    28976
    28834
    28860
    28879
    28884
    28865
    28740
    28867
    28848
    28813
    28870
    28829
    28849
    28749
    28837
    28744
    28874
