     1649
     1661
     1622
     1623
     1621
     1622
     1620
     1648
     1628
     1645
     1666
     1656
     1645
     1642
     1655
     1639
     1645
     1645
     1650
     1646
     1639
     1798
     2479
     1638
     1657
     2189
     1639
     1635
     1645
     1636
     1643
     1638
     1638
     1637
     1649
     1626
     1629
     1623
     1762
     1631
     1664
     1761
     1630
     1627
     1720
     1621
     1653
     1715
     1638
     1649
     1664
     1646
     1659
     1649
     1644
     1666
     1707
     1676
     1721
     1704
