    16173
    20944
    16070
    15227
    15048
    15215
    15240
    15049
    18481
    15114
    16247
    16796
    15085
    15717
    15208
    15420
    15198
    19754
    18649
    16892
    17515
    15199
    15110
    15067
    15127
    15308
    15085
    15179
    15213
    19148
    19712
    14846
    13357
    14981
    13237
    14762
    14868
    15930
    14907
    14744
    14651
    15771
    14898
    14770
    14835
    14953
    14848
    14748
    14925
    14876
    15076
    14861
    14706
    14864
    14710
    14831
    14690
    14666
    18175
    15731
