    16835
    17266
    15151
    16640
    15031
    16702
    16746
    16522
    15570
    16543
    16524
    15067
    15341
    16718
    16770
    16534
    16542
    17143
    16244
    17017
    16103
    16952
    16566
    16593
    16639
    16806
    16818
    16497
    16708
    17671
    16328
    15825
    16491
    16751
    16554
    17403
    16839
    16809
    16288
    16726
    17239
    16070
    16624
    16767
    16429
    16749
    16816
    15265
    16779
    16930
    16586
    16784
    16755
    16572
    16883
    16642
    15178
    16766
    16736
    16606
