     8538
     8619
     8779
     8736
     8761
     8754
     8839
     8750
     8761
     8831
     8801
     8743
     8786
     8766
     8763
     8742
     8750
     8747
     8762
     8771
     8767
     8758
     8768
     8779
     8751
     8748
     8734
     8757
     8750
     8750
     8765
     8826
     8746
     8745
     8761
     8749
     8740
     8760
     8814
     8749
     8750
     8747
     8263
     8386
     8575
     8529
     8566
     8623
     8659
     8745
     8675
     8824
     8792
     8678
     8792
     8753
     8743
     8743
     8740
     8771
