    34413
    35451
    15114
    31480
    32449
    32779
     9613
    24648
    13446
    15117
    16010
    18868
    13515
    14839
    16846
    15999
     9957
    15996
     9525
    13910
    11078
    10591
    32926
    33078
     9762
    21574
     7476
     9427
    33724
    33331
    10209
     9765
    31989
    20257
    13881
    38531
    14532
     7760
    35242
    34282
    23263
     9733
    11003
     8799
    22006
    15609
    23962
     9729
    16319
    22120
    12568
    12011
    31705
    33407
    10173
    20372
     8507
    31358
    32149
    22580
