      227
      229
      232
      229
      225
      227
      245
      214
      226
      227
      226
      221
      224
      222
      225
      211
      222
      227
      223
      228
      223
      226
      226
      232
      224
      230
      231
      231
      315
      225
      241
      237
      229
      228
      229
      232
      229
      231
      230
      227
      231
      229
      228
      229
      227
      230
      232
      227
      230
      228
      230
      233
      230
      224
      223
      231
      229
      231
      231
      227
