      841
      924
      915
     1045
      912
      922
      902
      909
      835
      917
      919
      922
      889
      919
      895
      916
      853
      902
     1178
      915
      920
      915
      910
      912
      924
      929
      900
      908
      928
      938
      932
      932
      914
      927
      886
      854
      905
      930
      908
      917
      910
      932
      925
      849
      914
      919
     1018
      914
      921
      910
     1014
      906
      927
      937
      926
      935
      937
      936
      938
      936
