     1746
     1735
     1740
     1733
     1733
     1737
     1737
     1737
     1736
     1737
     1737
     1777
     1773
     1780
     1785
     1814
     1801
     1783
     1785
     1804
     1815
     1779
     1783
     1779
     1790
     1781
     1778
     1780
     1779
     1772
     1740
     1738
     1739
     1741
     1736
     1736
     1744
     1743
     1781
     1783
     1779
     1787
     1779
     1797
     1795
     1787
     1786
     1784
     1824
     1863
     1830
     1832
     1828
     1840
     1845
     1822
     1827
     1826
     1801
     1776
