      690
      699
      708
      706
      695
      700
      702
      703
      696
      806
      706
      647
      689
      699
      705
      703
      692
      697
      704
      699
      702
      658
      691
      811
      704
      701
      693
      696
      655
      911
      688
      709
      726
      703
      705
      702
      699
      698
      701
      694
      700
      707
      705
      701
      700
      704
      696
      704
      703
      701
      795
      695
      702
      705
      695
      711
      688
      694
      700
      699
