    12110
    12515
    12230
    12449
    11318
    12102
    11316
    12239
    12161
    12271
    12368
    12141
    12361
    11314
    12231
    12157
    12237
    13531
    12139
    12350
    11275
    12213
    11302
    12242
    12615
    12224
    11761
    12390
    12237
    12373
    11395
    11866
    11856
    11145
    11794
    11434
    11119
    12979
    12029
    11404
    11942
    12213
    12092
    12084
    12131
    12325
    12238
    12353
    12366
    12138
    12349
    12360
    12282
    12137
    12358
    12300
    12369
    11266
    11600
    12291
