      617
      603
      617
      612
      613
      610
      603
      609
      604
      607
      609
      647
      605
      611
      608
      624
      623
      615
      656
      622
      658
      618
      624
      654
      647
      703
      638
      637
      635
      634
      638
      651
      637
      700
      640
      632
      636
      637
      653
      634
      629
      638
      637
      635
      643
      647
      634
      641
      662
      649
      656
      655
      653
      657
      652
      652
      654
      654
      648
      653
