       36
       35
       31
       33
       30
       33
       28
       30
       35
       28
       51
       34
       33
       29
       34
       33
       29
       32
       34
       32
       32
       30
       39
       33
       30
       35
       34
       31
       29
       33
       33
       36
       33
       30
       29
       31
       30
       29
       35
       30
       39
       34
       33
       30
       34
       35
       30
       30
       35
       35
       33
       29
       33
       35
       30
       34
       32
       34
       30
       38
