       46
       49
       45
       47
       38
       36
       37
       35
       36
       35
       36
       37
       37
       38
       36
       35
       35
       35
       47
       35
       35
       39
       36
       36
       36
       38
       36
       36
       37
       35
       62
       40
       42
       42
       37
       36
       35
       37
       40
       35
       35
       38
       37
       36
       36
       36
       37
       36
       35
       37
       36
       36
       36
       37
       37
       35
       37
       38
       40
       35
