     2660
     2635
     2710
     2720
     2714
     2699
     2709
     2699
     2723
     2722
     2743
     2701
     2708
     2701
     2707
     2711
     2747
     2698
     2707
     2708
     2744
     3025
     2776
     2987
     2701
     2752
     2724
     2766
     2786
     2840
     2701
     2689
     2703
     2725
     2693
     2702
     2696
     2740
     2734
     2791
     2777
     2772
     2784
     2805
     2769
     2790
     2779
     2773
     2765
     2824
     2770
     2828
     2804
     2787
     2768
     2822
     2823
     2778
     2779
     2771
