    36670
    36493
    32130
    35964
    36212
    32207
    34796
    36287
    36710
    36652
    33740
    36717
    35787
    36733
    36038
    36425
    36496
    32019
    35567
    32010
    35928
    36612
    36527
    36572
    36668
    36752
    32722
    36540
    32400
    37010
    39204
    33315
    37640
    37664
    36994
    37230
    36985
    36506
    36880
    37176
    36927
    36446
    37292
    37470
    37233
    33384
    37561
    36708
    37130
    36895
    37318
    36918
    37600
    37402
    37502
    37145
    36544
    37129
    34453
    37725
