      715
      697
      693
      717
      711
      734
      708
      711
      710
      709
      782
      708
      710
      709
      706
      744
      710
      710
      712
      710
      708
      711
      707
      755
      707
      713
      708
      707
      733
      725
      691
      698
      754
      694
      692
      697
      708
      712
      708
      715
      709
      709
      748
      708
      709
      713
      709
      711
      738
      714
      713
      710
      711
      707
      708
      729
      725
      730
      735
      730
