     4823
     4830
     4837
     4816
     4800
     4806
     4845
     4813
     4825
     4858
     4816
     4810
     4834
     4859
     4845
     4815
     4839
     4819
     4859
     4865
     4815
     4943
     4962
     4916
     4926
     4926
     4983
     4923
     4941
     4931
     4818
     4804
     4839
     4817
     4815
     4858
     4831
     4827
     4845
     4936
     4939
     4932
     4977
     4956
     4982
     5006
     4921
     4927
     4962
     4947
     4939
     4922
     4958
     4937
     4937
     4948
     4919
     4939
     4951
     4868
