    50227
    49999
    49645
    46155
    43910
    53278
    61075
    61939
    46396
    43755
    49710
    49005
    49589
    49315
    45515
    45128
    48924
    47053
    51197
    46014
    49153
    44025
    50250
    50025
    51532
    53619
    53120
    49607
    49795
    49721
    57264
    55478
    53827
    46113
    48651
    43895
    50253
    51168
    53415
    51190
    49873
    50116
    51371
    56787
    45338
    53277
    54924
    54141
    51053
    51362
    53844
    53861
    81692
    50319
    48690
    50347
    50388
    49872
    54546
    54096
