     3075
     3069
     3090
     3069
     3075
     3071
     3070
     3068
     3065
     3080
     3072
     3116
     3072
     3072
     3066
     3085
     3070
     3073
     3081
     3102
     3184
     3152
     3113
     3065
     3074
     3094
     3091
     3153
     3108
     3062
     3054
     3100
     3111
     3081
     3066
     3101
     3066
     3072
     3091
     3182
     3139
     3148
     3100
     3082
     3095
     3141
     3145
     3150
     3151
     3148
     3145
     3137
     3150
     3152
     3143
     3142
     3139
     3145
     3155
     3151
