    25244
    25551
    24496
    23344
    22884
    25276
    25270
    25558
    25488
    25095
    25071
    25348
    25449
    25280
    25269
    25509
    25066
    25524
    25071
    25641
    25734
    24989
    25135
    24962
    25024
    25047
    25126
    24960
    25253
    25497
    25950
    25687
    23730
    25710
    25530
    26094
    26596
    26965
    28341
    27572
    25404
    23167
    26240
    26597
    26902
    26388
    26741
    26890
    26974
    26611
    24327
    26936
    26824
    26522
    26389
    26891
    34175
    34237
    29179
    27837
