     5287
     5368
     5371
     5379
     5370
     5381
     5366
     5359
     5398
     5370
     5367
     5376
     5374
     5368
     5371
     5374
     5372
     5373
     5398
     5366
     5388
     5380
     5361
     5364
     5388
     5387
     5365
     5373
     5367
     5376
     5377
     5365
     5385
     5362
     5361
     5447
     5364
     5367
     7582
     5369
     5380
     5449
     5400
     5372
     5364
     5375
     5373
     5366
     5372
     5365
     5421
     5567
     5520
     5522
     5514
     5535
     5509
     5524
     5503
     5516
