    29731
    29499
    32775
    30228
    32259
    30251
    30061
    32738
    32789
    32845
    32636
    32635
    32601
    32482
    33321
    32716
    32561
    29572
    32591
    36706
    36684
    34343
    30668
    32789
    32775
    32570
    32419
    29574
    30054
    31545
    31930
    37910
    39599
    35864
    39239
    40725
    45278
    42049
    41772
    32246
    33086
    32898
    32767
    33763
    40124
    53870
    59710
    54248
    57659
    48169
    32876
    32266
    32968
    32831
    39134
    32099
    35158
    32510
    35389
    34933
