      867
      845
      860
      856
      879
      859
      867
      858
      842
      834
      919
      837
      864
      832
      858
      735
      839
      845
      845
      830
      740
      729
      727
      800
      843
      785
      739
      789
      828
      878
      827
      860
      865
      869
      849
      877
      787
      877
      888
      862
      802
      838
      757
      845
      832
      836
      859
      759
      807
      818
      820
      825
      822
      842
      822
      808
      840
      841
      816
      838
