     9785
    10516
     9705
    13473
     9933
     9935
     9917
    14316
    10051
    10017
    10123
    15013
    10028
    10094
    14658
     9951
     9999
    10000
    11027
     9993
    14020
     9806
     9999
     9795
    14521
    10112
     9946
    13382
    10051
    10033
     9784
     9781
     9804
     9708
     9799
     9668
    14614
     8921
    10060
     9747
    14803
    14581
     9655
     9681
     9681
     9617
    13772
     9782
     9642
     9788
    14632
     9784
     9788
    14583
     9745
     9770
    13860
     9652
     9781
     9666
