    11712
    11855
    11818
    11801
    11802
    11813
    12091
    12105
    12090
    12087
    12081
    12102
    11472
    11356
    11491
    11586
    11817
    11869
    11836
    11854
    11770
    11784
    11787
    11785
    11834
    11858
    11847
    12224
    12168
    11788
    11856
    11990
    11873
    11906
    11969
    11875
    12560
    12092
    12596
    12084
    12102
    12083
    12096
    12098
    12140
    12090
    12081
    12085
    12149
    12105
    12101
    12108
    12121
    10971
    11180
    11597
    11594
    11790
    11830
    11826
