    12073
    12158
    12002
    11985
    11776
    12209
    12015
    11943
    12028
    12024
    11975
    11946
    11969
    12000
    12039
    11782
    12061
    11786
    12313
    12143
    11980
    11977
    11939
    11960
    12201
    12192
    12166
    12144
    12186
    12148
    11892
    12138
    11841
    11830
    12035
    11884
    12064
    13312
    13480
    13499
    13304
    13489
    13415
    13441
    13501
    13511
    13256
    13635
    13369
    14357
    14432
    14547
    14533
    14468
    14434
    14482
    14464
    14466
    14519
    14274
