      925
      922
      929
      924
      825
      923
      926
      926
      922
      926
      926
      928
      923
      926
      924
      925
      923
      926
      922
      926
      924
      928
      921
      922
      953
      961
      971
      973
      987
      988
      930
      942
      922
      933
      926
      927
      922
      921
      933
      927
      922
      938
      923
      923
      925
      922
      926
      922
      926
      927
      925
      928
      928
      925
      923
      927
      923
      932
      922
      924
