     2506
     2713
     2541
     2639
     2691
     2707
     2693
     2568
     2555
     2687
     2682
     2677
     2533
     2666
     2538
     2685
     2692
     2470
     2490
     2489
     2452
     2918
     3070
     2653
     2654
     2578
     2591
     2660
     2542
     2679
     2570
     2682
     2664
     2973
     2675
     2448
     2449
     2455
     2479
     2683
     2420
     2464
     2689
     2371
     2642
     2396
     2416
     2399
     2406
     2655
     2637
     2658
     2634
     2679
     2739
     2716
     2664
     2587
     2664
     2711
