    13162
     2512
     2644
     2499
     1642
     1639
    13066
     2488
    11515
     3614
    23275
     3125
     2145
    10394
    10552
     8069
     4571
     5736
     5771
    11710
    11724
     8009
    12462
    12458
    10793
     2219
    12330
     2119
    12180
     2288
     1213
     2148
    12689
     9932
     2339
     2390
     1560
     9813
     5972
     1759
     1567
     2398
     1653
     2329
     2332
    13078
    24635
    25040
     2495
     1539
    11956
     2333
    12205
     1196
     5922
     1709
     2282
     2313
    12079
     2347
