     1412
     1360
     1347
     1351
     1298
     1380
     1318
     1263
     1328
     1299
     1348
     1275
     1371
     1367
     1349
     1385
     1397
     1347
     1349
     1331
     1403
     1341
     1306
     1379
     1335
     1368
     1436
     1416
     1393
     1367
     1393
     1311
     1387
     1354
     1363
     1322
     1385
     1416
     1527
     1431
     1362
     1419
     1341
     1363
     1435
     1403
     1367
     1343
     1327
     1392
     1433
     1321
     1313
     1330
     1329
     1334
     1265
     1323
     1314
     1387
