      860
     2590
     1373
    12203
      859
    11140
    10945
     8283
     1646
     1165
     5324
     1184
    11783
     6230
     9149
    11602
     7918
      836
     1192
    11602
    10940
     2519
    10967
    15175
     7998
    12285
     6148
     1246
     9932
     1216
      643
      673
    11628
    11686
     2773
    11168
     6629
     4402
     5449
     7728
     7405
      625
     6864
      676
     1139
     1167
     1147
     1170
    11455
    12678
     1150
    11936
    11536
     1131
     1135
      817
    11633
     3826
     1204
    11183
