    69589
    64901
    67894
    68725
    71446
    73833
    77178
    94835
   105996
    80948
    70085
    70233
    70356
    70271
    71081
    70570
    68676
    70207
    67836
    64832
    69919
    68276
    77993
    73448
    68857
    77574
    81843
    62745
    62682
    70001
    72595
    73831
    65636
    71082
    63286
    68544
    72307
    77724
    76055
    69928
    70395
    73490
    72157
    68316
    69878
    70045
    69351
    74397
    73912
    71876
    71490
    69915
    71266
    71469
    71340
    77907
    70982
    71375
    69840
    71645
