       37
       43
       38
       28
       37
       36
       28
       28
       34
       36
       45
       33
       33
       27
       28
       34
       29
       30
       31
       34
       34
       28
       35
       32
       30
       32
       34
       28
       32
       32
       38
       38
       35
       36
       32
       36
       41
       33
       37
       36
       29
       31
       39
       31
       33
       34
       35
       38
       35
       46
       31
       35
       31
       31
       31
       31
       30
       34
       35
       28
