     1931
     1931
     1952
     1974
     1976
     1985
     1982
     1979
     1982
     1976
     1983
     1979
     1999
     2025
     2023
     2018
     2027
     2013
     2020
     2019
     2021
     2020
     2078
     3127
     2018
     2015
     2021
     2033
     2038
     2025
     1935
     1962
     1930
     1995
     1971
     1976
     1983
     1981
     1975
     1982
     2002
     2017
     2009
     2020
     2020
     2018
     2024
     2020
     2035
     2020
     2038
     2029
     2025
     2019
     2026
     2070
     2076
     2076
     2073
     2083
