    13063
    13040
    13106
    12982
    13079
    12992
    13039
    12974
    12967
    13072
    13096
    12977
    12984
    13021
    13106
    12968
    12971
    13013
    13039
    12994
    13030
    12957
    12978
    12969
    12992
    12990
    12975
    12961
    12968
    12956
    13031
    12972
    12963
    13046
    13021
    12965
    12977
    12959
    13076
    13088
    13066
    13341
    13362
    13352
    13407
    13388
    13310
    13384
    13340
    13306
    12242
    12577
    12706
    12867
    13044
    12974
    12961
    12962
    13075
    13004
