    18831
    18838
    18820
    18870
    18830
    18831
    18828
    18831
    18828
    18822
    18795
    18832
    18838
    18828
    18834
    18861
    18895
    18832
    17698
    18290
    18830
    18831
    18804
    20638
    18824
    18865
    18851
    18914
    18872
    18940
    18979
    19088
    19132
    19060
    19336
    19365
    19340
    19327
    19324
    19318
    19314
    19309
    19334
    19322
    19326
    19316
    19353
    19358
    19333
    19360
    19327
    19357
    17645
    17679
    18354
    18705
    18974
    19049
    19334
    19342
