      446
      434
      424
      423
      418
      425
      462
      419
      409
      422
      417
      452
      419
      455
      414
      433
      453
      431
      422
      410
      416
      424
      417
      439
      415
      420
      414
      428
      367
      439
      443
      439
      412
      423
      408
      436
      408
      423
      427
      434
      432
      379
      446
      433
      546
      437
      417
      475
      438
      419
      436
      387
      374
      428
      411
      437
      407
      431
      505
      373
