      190
      189
      197
      190
      190
      197
      188
      197
      200
      187
      191
      192
      187
      199
      189
      189
      201
      195
      192
      194
      191
      195
      197
      187
      194
      210
      191
      192
      166
      187
      206
      206
      200
      199
      208
      200
      204
      245
      202
      202
      196
      206
      220
      201
      207
      198
      193
      207
      198
      201
      203
      204
      200
      199
      209
      205
      205
      201
      197
      199
