      109
      117
       99
       99
      100
      106
      104
      101
      102
      100
       99
      101
      115
       98
      100
      101
       97
       98
      110
      100
      100
       98
       94
       95
       96
      101
       97
       94
       99
       95
      108
      106
      110
      107
      108
      112
      107
      104
      101
      108
      104
      102
       99
      101
      104
      106
      104
      102
      108
      100
      100
      107
       97
       95
      102
       97
       97
       96
      101
       96
