      787
      786
      788
      812
      786
      793
      819
      786
      790
      790
      794
      788
      787
      794
      789
      786
      792
      794
      812
      805
      810
      808
      810
      808
      804
      822
      821
      824
      840
      823
      789
      791
      796
      787
      787
      786
      787
      802
      794
      786
      786
      786
      793
      787
      786
      797
      786
      804
      786
      807
      823
      806
      810
      811
      805
      806
      821
      826
      824
      829
