    10667
    10826
    10652
    10779
    10922
     9423
    10738
     9693
    10834
    10527
    10863
    10809
    11033
    10619
    10899
    10509
    10962
    10658
    10948
    10851
     9751
    10854
    10831
    10782
    10812
    10468
    10560
    10997
    10651
     9673
    10830
    10602
    10716
    10664
    10722
    10760
    10707
    10631
    10574
    10692
    10627
    10544
    10935
    10567
    10833
    10686
    10778
    10620
    10699
    10572
    10696
     9557
     9537
    10864
    10813
    10714
    10532
    10722
    10740
    10693
