     4321
    13357
    13433
     2795
    12873
    12717
     4144
    27070
    16829
    12657
     3787
    13921
     8692
     2726
    25248
     4102
     3959
     4185
    13704
     3803
     3803
    26191
     5144
     8009
     6327
     2728
     3866
     7827
     4005
    27251
    13869
    13848
     4100
     4011
    26116
     2800
    13820
     4164
    13177
    13845
    13885
    12965
     2751
    26395
     2113
     5740
     3856
    11486
    13856
    13868
     2803
     2614
     3920
    14230
    13456
    13420
     3463
    21014
    26637
    13412
