      151
     1144
      151
     7378
     6136
    10076
      155
    10424
      155
    10651
      157
     9991
    10667
      202
      156
      153
      191
      153
    10622
    10656
    10663
     6739
      142
    10898
      874
    10915
    10422
    10462
    10674
    10650
     5569
      119
    10750
    10673
    10732
    10865
     9436
     8549
    10659
     5801
      102
    10912
      152
    10653
    10656
    10837
    10657
    10898
      153
     8047
    10895
    10673
    10288
      159
    10895
     8608
    10705
      104
    10673
    12385
