     3380
     3375
     3423
     3377
     3410
     3465
     3461
     3489
     3468
     3467
     3466
     3464
     3464
     3463
     3465
     3466
     3470
     3464
     3482
     3461
     3472
     3470
     3502
     3470
     3461
     3471
     3463
     3475
     3466
     3460
     3398
     3473
     3470
     3471
     3464
     3466
     3472
     3464
     3465
     3466
     3469
     3471
     3466
     3465
     3470
     3490
     3555
     3550
     3550
     3561
     3555
     3553
     3554
     3554
     3567
     3521
     3547
     3552
     3545
     3559
