     3282
     3354
     2908
     2891
     3257
     2947
     3233
     3136
     3249
     2835
     3168
     3180
     3280
     3298
     2950
     3183
     3311
     3241
     3221
     3214
     3202
     3238
     3241
     3304
     3247
     3363
     3216
     3261
     3232
     3836
     2948
     3162
     2985
     2849
     2854
     3130
     2998
     2861
     2853
     3142
     3216
     2959
     3210
     3218
     3288
     3195
     3212
     3083
     3282
     3239
     3293
     3239
     3287
     3222
     2867
     3275
     3280
     3168
     3274
     3169
