     1393
     1393
     1393
     1391
     1390
     1388
     1389
     1389
     1385
     1384
     1409
     1415
     1419
     1417
     1419
     1419
     1419
     1422
     1431
     1424
     1356
     1442
     1422
     1429
     1424
     1431
     1424
     1418
     1426
     1462
     1388
     1387
     1389
     1386
     1392
     1385
     1391
     1413
     1420
     1419
     1424
     1456
     1425
     1421
     1424
     1428
     1428
     1420
     1423
     1425
     1427
     1426
     1423
     1425
     1416
     1419
     1422
     1422
     1420
     1419
