       91
       92
       94
       90
       91
       91
       92
       90
       91
       92
       92
       91
       91
       91
       91
       89
       94
       91
       93
       91
       91
       91
       91
       91
       93
       97
       92
       93
       93
       93
       90
       96
      105
       95
       91
       91
       92
       93
       94
      100
       92
       92
       93
       92
       92
       93
      110
      102
       95
      110
       94
       91
       92
       92
       92
       93
       94
       95
       94
       93
