     4529
     6407
    10865
    10705
    10801
    10864
      307
      455
      237
      454
      452
    10802
     7807
     8240
      428
     5405
      239
      240
      784
      625
      453
    21722
      567
      456
      373
    10803
    10797
      280
    10797
      454
    10809
    10809
     8101
    10511
     7309
      308
    11052
    11042
      464
    10570
      465
    10796
    10850
     9541
    10806
     9572
    10969
    10796
     4977
      457
      454
    10867
      451
      246
      323
    10823
      709
      238
      400
      435
