    24831
    44717
    24251
    34745
    19648
    47515
    25830
    50509
    50496
    23650
    24381
    24741
    21604
    44315
    47295
    26411
    44443
    24612
    24711
    23463
    29603
    24612
    24134
    24014
    31850
    23913
    16133
    23252
    24022
    40007
    24051
    23964
    23481
    21913
    23411
    21493
    41670
    20876
    45832
    45873
    47859
    24124
    16249
    25476
    24320
    27990
    24589
    24535
    21907
    37734
    46772
    47297
    46746
    49779
    24349
    35280
    16954
    25255
    47424
    24550
