      131
      131
      131
      131
      130
      131
      130
      129
      160
      142
      131
      132
      132
      132
      129
      145
      129
      131
      133
      127
      130
      133
      134
      131
      161
      133
      129
      131
      132
      158
      131
      171
      135
      134
      134
      135
      136
      135
      136
      174
      135
      135
      132
      131
      132
      132
      132
      131
      135
      133
      133
      131
      181
      136
      131
      134
      134
      132
      132
      149
