     4469
     4529
     4465
     4493
     4500
     4460
     4475
     4498
     4492
     4488
     4516
     4464
     4495
     4471
     4465
     4485
     4463
     4460
     4478
     4511
     4463
     4476
     4464
     4494
     4459
     4460
     4477
     4460
     4463
     4474
     4568
     4509
     4470
     4505
     4540
     4470
     4500
     4463
     4508
     4465
     4468
     4526
     4464
     4472
     4507
     4615
     4513
     4449
     4478
     4510
     4458
     4465
     4501
     4449
     4510
     4475
     4469
     4507
     4523
     4469
