       92
       98
       93
       95
       91
       92
       89
       91
       90
       93
       90
       95
       93
       91
       92
       93
       90
       91
       91
       92
       93
       93
       92
       91
       91
       92
       91
       92
       92
       90
       93
       92
       91
       91
       90
       95
       90
       93
       92
       92
       93
       91
       93
       91
       95
       93
       95
       90
       91
       89
       91
       90
       92
       97
       92
       91
       94
      134
       92
       91
