    40403
    40378
    40364
    40402
    40391
    40404
    40380
    40379
    40377
    40394
    40389
    40375
    40354
    40357
    40344
    40361
    40381
    40389
    40380
    40372
    40364
    40370
    40404
    40381
    40364
    40394
    40374
    40385
    40376
    40380
    40369
    40381
    41122
    40393
    40376
    40357
    38924
    40377
    40380
    40389
    40402
    40384
    40359
    40379
    40369
    40368
    40387
    40395
    40364
    40359
    40353
    40364
    40387
    40391
    40400
    40365
    40366
    40386
    40387
    40380
