     5859
     5859
     5860
     5862
     5860
     5870
     5859
     5859
     5862
     5860
     5858
     5875
     5869
     5864
     5862
     5865
     5859
     5860
     5861
     5866
     5857
     5857
     5858
     5860
     5858
     5858
     5857
     5858
     5859
     5871
     5861
     5859
     5861
     5862
     5862
     5860
     5860
     5861
     5859
     5862
     5864
     5870
     5859
     5862
     5862
     5862
     5861
     5860
     5872
     5996
     6091
     6128
     6250
     6176
     6274
     6364
     6420
     6417
     6424
     6421
