    23998
    24466
    24028
    24131
    24583
    24593
    24638
    24143
    23372
    23721
    23968
    23985
    23991
    24000
    23972
    23968
    24112
    23970
    24010
    24609
    24601
    23811
    23763
    23996
    23961
    23999
    23997
    23995
    24039
    24579
    24582
    21961
    22929
    23590
    24102
    24337
    24269
    24303
    24609
    24342
    23993
    24179
    24245
    24245
    24324
    24396
    24211
    24576
    24620
    24586
    23653
    23961
    23984
    24099
    24425
    24096
    24279
    24237
    24177
    24373
