     4398
    10838
    10208
    10371
     6390
       40
       54
    21223
       60
       30
     1076
     3737
    10600
     8645
    10560
     1121
    10599
       58
    10600
    10604
    10600
    10600
     6190
     4225
    10599
       61
    10601
    10601
       58
    10600
       32
    11357
       41
       32
       40
       32
       32
    11355
     5513
     4644
       59
    11658
       29
    10368
    10371
    10372
    10369
     6257
       37
    10367
     1708
    10602
       93
       32
       75
     5542
     8993
    10598
       58
       62
