      564
      560
      557
      566
      554
      569
      574
      558
      565
      558
      565
      559
      561
      587
      591
      558
      564
      567
      561
      557
      558
      558
      558
      590
      563
      561
      607
      558
      655
      599
      591
      558
      553
      569
      561
      559
      562
      563
      558
      559
      559
      556
      561
      566
      562
      559
      556
      560
      619
      568
      576
      558
      631
      557
      637
      581
      557
      557
      558
      560
