    79516
    79501
    79479
    79483
    79519
    79485
    79507
    79542
    79460
    79480
    79490
    66407
    79472
    79536
    79584
    79550
    79508
    79537
    79487
    79481
    79523
    79501
    79470
    79510
    79495
    79499
    79461
    79493
    79490
    79486
    70547
    85010
    85155
    85032
    85064
    85025
    85078
    84999
    85034
    85020
    85096
    85048
    84182
    85102
    85109
    85014
    85080
    85025
    85076
    85108
    82663
    78119
    79482
    79479
    79529
    79602
    79499
    79489
    79484
    79468
