     2124
     2137
     2285
     2165
     2102
     2141
     2107
     2210
     2163
     2103
     2128
     2169
     2157
     2171
     2189
     2116
     2129
     2153
     2167
     2171
     2102
     2130
     2118
     2169
     2172
     2179
     2119
     2139
     2160
     2149
     2225
     2419
     2259
     2174
     2173
     2107
     2232
     2295
     2236
     2212
     2325
     2172
     2179
     2381
     2206
     2235
     2335
     2192
     2174
     2274
     2176
     2159
     2259
     2193
     2170
     2219
     2125
     2127
     2126
     2191
