    23658
    23667
    23681
    23681
    23679
    23683
    23678
    23675
    23680
    23680
    23695
    23734
    23677
    23678
    23668
    23660
    23656
    23677
    23682
    23683
    23677
    23682
    23676
    23673
    23661
    23691
    23686
    23680
    23675
    23660
    25930
    25930
    25913
    25617
    25917
    25934
    25915
    25929
    25913
    25941
    25924
    25919
    25937
    25931
    25920
    25922
    25949
    25936
    15617
    25927
    15802
    25923
    25920
    25885
    25932
    25920
    15734
    25911
    25931
    25919
