    46712
    46692
    46717
    46704
    46716
    46731
    54109
    56537
    56540
    56557
    56566
    56509
    56547
    56554
    56579
    56512
    56535
    56565
    56510
    56534
    56581
    56540
    56538
    56550
    56556
    56548
    56558
    56552
    56544
    56548
    52415
    52736
    52425
    52421
    52372
    52424
    52408
    52424
    58163
    52369
    52435
    52416
    52395
    52387
    52415
    52408
    52411
    52405
    52415
    52407
    47816
    46703
    46705
    46723
    46722
    46722
    46676
    46978
    46697
    46721
