     7366
     9838
     6759
    15999
     6774
    20005
     6844
     6863
    13193
    32976
     6914
    14286
    30134
    32742
    33428
    31333
    12798
     6765
     6452
    12853
     6687
    17808
     6707
     6682
     6777
     6682
     6707
     6909
    18165
     6696
    12794
    33455
    30597
     7533
     6957
     6867
     6876
     8003
     6768
     6755
    11107
     6743
    19846
    10248
     6751
     6741
     6874
     6686
     6913
     6856
     6876
     6869
    12008
    17134
     6678
     7112
     6856
     6850
     6749
     6842
