      265
      260
      262
      280
      263
      259
      261
      264
      255
      265
      275
      255
      257
      262
      256
      257
      263
      259
      256
      258
      257
      255
      254
      301
      257
      256
      256
      256
      276
      257
      296
      296
      294
      295
      262
      263
      263
      265
      263
      256
      256
      258
      307
      256
      262
      270
      260
      264
      290
      258
      262
      262
      256
      262
      261
      274
      263
      262
      257
      257
