     1894
     1892
     2045
     1878
     1890
     1891
     1890
     1879
     1890
     1893
     1884
     1916
     1908
     1892
     1884
     1887
     1889
     1903
     1891
     1904
     1916
     1899
     1905
     1891
     1883
     1912
     1907
     1883
     1886
     1901
     1953
     1884
     1897
     1890
     1870
     1870
     1897
     1901
     1940
     1896
     1897
     1897
     1906
     2335
     1871
     2020
     1871
     1885
     1979
     1884
     1905
     1884
     1889
     1895
     1944
     1917
     1920
     1890
     1898
     1894
