     8487
      793
    11693
    11542
     1499
    11641
    11585
    11542
    15108
    11529
     1037
    11632
     1495
    11361
     8701
    19922
     2034
     3083
    11536
      801
     1530
     4486
    11622
     1528
    23281
     3901
    22261
    11112
    11541
    11552
     1455
    11551
     1497
     1214
     1623
    10222
     4864
    11327
     7092
     9720
    11812
     1700
     1525
     3364
      797
     5225
     1497
    11592
     1494
     5942
     4506
    11621
     1100
    21864
     5646
    11331
    10865
     5534
    22997
    11804
