    48461
    50314
    50842
    50519
    50822
    51394
    52128
    54289
    52137
    52277
    52231
    52246
    52126
    52073
    48056
    47525
    49615
    50410
    50836
    50847
    50848
    50532
    50826
    50840
    50848
    51307
    52167
    52160
    52160
    51238
    52146
    52176
    52180
    52161
    52128
    52141
    52176
    52652
    52160
    52128
    52158
    52183
    52135
    52161
    52151
    52241
    52151
    52166
    52179
    52152
    52159
    51491
    47297
    47306
    46055
    49888
    50854
    51503
    52138
    52120
