    11511
    11712
    11531
    11517
    11510
    11582
    11516
    11494
    13763
    11888
    11644
    11537
    11648
    13613
    11580
    11593
    13623
    11651
    11719
    11649
    11550
    11538
    11577
    11515
    11575
    13602
    11488
    11692
    11643
    13303
    11499
    11629
    11513
    11528
    11515
    11534
    11517
    11640
    11613
    11558
    11608
    11622
    11583
    11615
    11619
    11506
    11866
    11517
    11617
    11535
    11553
    11507
    11526
    11514
    13136
    11691
    11562
    11541
    11550
    13589
