     7000
     6988
     6994
     6991
     6988
     6990
     6989
     6987
     6985
     6994
     6989
     6984
     6989
     6991
     6993
     6987
     6990
     6995
     7017
     6991
     6993
     6983
     6996
     6993
     6986
     6989
     6990
     6987
     6988
     6994
     7476
     7580
     7660
     7652
     7654
     7654
     7658
     7652
     7660
     7652
     7653
     7659
     7656
     7651
     7654
     7651
     7657
     7652
     7658
     7667
     7688
     7654
     7658
     7660
     7657
     7657
     7658
     7652
     7668
     7651
