    13941
    36500
    36259
    24564
    35414
    12594
    14518
    14058
    37813
    12806
    18952
    14501
    37498
    12728
    29941
    14371
    21225
    13673
    13453
    13773
    20153
    10640
    13567
    28005
    23982
    26827
    23982
    46049
    14548
    14438
    25179
    16680
    33616
    37570
    36702
    41052
    36750
    14998
    17822
    36163
    36706
    14294
    39642
    18695
    42790
    10738
    14351
    15057
    13510
    25866
    36813
    36723
    37085
    10899
    15150
    13647
    38666
    38378
    36628
    15122
