    56132
    48790
    56163
    56120
    56178
    56167
    56111
    56172
    56128
    56118
    56167
    56125
    56108
    56120
    56155
    49428
    56166
    56166
    56124
    56159
    56121
    53302
    56142
    56127
    56163
    56113
    34728
    56125
    56123
    47773
    61452
    61337
    53201
    61488
    61469
    61500
    61436
    61473
    61487
    61503
    61506
    59957
    56087
    56153
    53772
    56155
    56107
    56191
    56124
    56152
    56163
    48267
    56178
    56120
    56167
    55139
    56118
    56120
    56175
    58512
