    11252
    11249
    11250
    11252
    11248
    11258
    11247
    11251
    11257
    11260
    11250
    11245
    11248
    11244
    11250
    11245
    11256
    11254
    11251
    11248
    11255
    11248
    11253
    11262
    11250
    11249
    11251
    11248
    11251
    11254
    12321
    12326
    12535
    12623
    12620
    12628
    12663
    12624
    12625
    12629
    12622
    12618
    12618
    12621
    12621
    12616
    12625
    12634
    12629
    12622
    12646
    12626
    12625
    12626
    12621
    12620
    12621
    12624
    12624
    12632
