       92
       83
       83
       81
       82
       81
       82
       81
       81
       85
       81
       85
       87
       81
       80
       84
       82
       79
       82
       82
       83
       82
       83
       82
       84
       81
       82
       82
       82
       81
       85
       83
       87
       83
       79
       83
       81
       79
       84
       81
       81
       81
       83
       82
       83
       82
       79
       82
       82
       86
       87
       84
       81
       80
       83
       81
       80
       79
       81
       81
