    53047
    50901
    50798
    54861
    50619
    50880
    51372
    50880
    50960
    51057
    51047
    58361
    50973
    50928
    51182
    51887
    51166
    50890
    51178
    51127
    53704
    50941
    51179
    58327
    51079
    51016
    51013
    51192
    73403
    89755
    60398
    54379
    54302
    54889
    54020
    54861
    50879
    56469
    56503
    59085
    59627
    55347
    57622
    59337
    59548
    55646
    58028
    59078
    57486
    58576
    59129
    62316
    58402
    59787
    54652
    54498
    54552
    53247
    51298
    51112
