    69825
    69891
    69709
    70025
    69687
    69723
    69531
    69581
    69856
    69776
    71009
    69872
    69775
    69518
    69958
    70045
    69807
    69591
    69631
    69607
    69445
    69437
    69903
    70810
    70067
    70579
    69986
    69576
    69250
    69461
    71774
    69494
    69257
    71128
    69829
    69827
    69785
    69738
    69859
    69512
    69951
    69226
    69544
    69324
    69595
    69627
    70523
    69683
    69535
    69703
    69690
    69312
    70295
    70116
    69659
    69295
    69459
    72277
    69749
    70688
