     4687
     4807
     4799
     4791
     4810
     4797
     4796
     4796
     4796
     4823
     4910
     4923
     4907
     4902
     4902
     4912
     4935
     4921
     4910
     4907
     4903
     4914
     4915
     4915
     4906
     4919
     4803
     4795
     4788
     4795
     4802
     4796
     4789
     4803
     4792
     4793
     4830
     4904
     4916
     4907
     4912
     4910
     4906
     4908
     4906
     4910
     4914
     4917
     4913
     4918
     4914
     4907
     4907
     4918
     4908
     4906
     4910
     4904
     4913
     4910
