     1727
     1733
     1731
     1749
     1751
     1732
     1746
     1767
     1770
     1769
     1769
     1772
     1779
     1773
     1772
     1772
     1766
     1768
     1813
     1806
     1807
     1811
     1816
     1815
     1815
     2377
     1820
     1815
     1831
     1812
     1736
     1783
     1729
     1727
     1728
     1749
     1783
     1775
     1775
     1771
     1771
     1770
     1768
     1767
     1768
     1770
     1770
     1921
     1829
     1830
     1819
     1850
     1811
     1810
     1811
     1809
     1810
     1807
     1815
     1828
