     2457
     2444
     2445
     2431
     2440
     2430
     2439
     2429
     2433
     2432
     2438
     2434
     2430
     2429
     2436
     2432
     2437
     2430
     2438
     2428
     2430
     2432
     2437
     2439
     2430
     2435
     2433
     2430
     2428
     2435
     2429
     2435
     2431
     2445
     2433
     2430
     2433
     2433
     2433
     2433
     2429
     2438
     2433
     2430
     2427
     2430
     2426
     2434
     2430
     2433
     2432
     2431
     2430
     2433
     2434
     2431
     2434
     2426
     2436
     2432
