     6030
     5982
     5926
     6006
     5968
     5979
     5972
     5963
     5960
     6289
     5975
     7707
     5998
     5934
     5975
     6005
     6140
     6013
     5974
     6799
     6031
     5923
     5953
     5968
     5965
     5952
     5923
     5952
     5963
     5958
     5829
     5931
     5987
     5962
     5977
     5979
     5983
     6181
     5988
     5964
     5933
     5947
     5922
     5931
     5923
     5981
     5986
     5978
     5951
     5979
     6008
     5982
     5961
     5976
     5927
     5978
     5966
     5975
     5926
     6320
