    65586
    65516
    59661
    59217
    57051
    56799
    57048
    57040
    56863
    60736
    62471
    62468
    62232
    62481
    62983
    62720
    62078
    62681
    63203
    63988
    63291
    61299
    62159
    62728
    64003
    64011
    63990
    63989
    63995
    62954
    65600
    65598
    65588
    65370
    59636
    59624
    59630
    59641
    59650
    59610
    59645
    59658
    59618
    59669
    59660
    59637
    59649
    59686
    61076
    63125
    63976
    63979
    64020
    63985
    63993
    63991
    63992
    64021
    61100
    59137
