     2093
     2151
     2091
     2090
     2091
     2096
     2094
     2090
     2091
     2092
     2091
     2093
     2098
     2112
     2103
     2101
     2100
     2103
     2096
     2096
     2093
     2090
     2094
     2095
     2090
     2090
     2105
     2093
     2113
     2093
     2094
     2128
     2092
     2092
     2093
     2109
     2101
     2093
     2090
     2098
     2105
     2116
     2098
     2104
     2093
     2103
     2096
     2092
     2091
     2093
     2095
     2090
     2096
     2107
     2096
     2109
     2107
     2098
     2096
     2111
