    57480
    57464
    57448
    57338
    52270
    52253
    52242
    52247
    52252
    53422
    55492
    56049
    56040
    56688
    57447
    57471
    57485
    57464
    53454
    55417
    56156
    56571
    57295
    55455
    56066
    56624
    56971
    55435
    56297
    56391
    57475
    57485
    57467
    57440
    57476
    53761
    50012
    54415
    56489
    57494
    57472
    57482
    57487
    57392
    53737
    56311
    57490
    57461
    57455
    57473
    57466
    57465
    57467
    57476
    56573
    52066
    55881
    57473
    56119
    57040
