       76
       73
       78
       72
       76
       71
       74
       72
       72
       75
       74
       72
       73
       73
       73
       72
       72
       76
       77
       74
       73
       74
       73
       76
       77
       75
       72
       76
       73
       73
       82
       76
       82
       79
       77
       72
       80
       76
       73
       74
       76
       72
       72
       72
       74
       73
       73
       72
       73
       73
       72
       74
       76
       73
       72
       70
       73
       75
       74
       74
