    18078
    29589
    15094
    15107
    15085
    15117
    15255
    15165
    15530
    15164
    15199
    15150
    15156
    15121
    15163
    15034
    15158
    16486
    15877
    15575
    15049
    15174
    15174
    15176
    15486
    15179
    16244
    15173
    15716
    15162
    15519
    15140
    15157
    15107
    15147
    15260
    15387
    15021
    15181
    15164
    15784
    15182
    15100
    15175
    15338
    15147
    15084
    15126
    15163
    15164
    15539
    15120
    15092
    15105
    15149
    15279
    15162
    15180
    15163
    15189
