     3587
     1945
     3668
     3646
     3713
    12740
     1934
     3715
     3307
    13099
     4043
    12743
    25836
    12900
     8164
     2404
    12880
     3588
    23224
     5732
     3661
    12766
     3857
     3772
     3917
     9051
     3525
    12321
     3652
     2401
    16379
     1926
    15978
     1857
     2418
     1962
     9352
     2145
    13168
     3673
     4287
     6150
     2222
    10477
     3775
    24503
     1947
    25352
     3732
     4961
    12683
     8010
     7940
    25538
     2437
    12850
     3664
    13175
     4328
     3529
