    23999
    25692
    24139
    26221
    26293
    26329
    26227
    25367
    27407
    26356
    26344
    26302
    25578
    25428
    25807
    26308
    26315
    24009
    26547
    24451
    26040
    25514
    23995
    26323
    26294
    26327
    25646
    23955
    23887
    26126
    23891
    23852
    24195
    23877
    24765
    27909
    27791
    27779
    27808
    27933
    27681
    27797
    27696
    27708
    30104
    27793
    27857
    28732
    28464
    29097
    31128
    28277
    31151
    31071
    31844
    31239
    31122
    31148
    31092
    30288
