     1846
     1849
     1846
     1846
     1853
     1869
     1851
     1854
     1848
     1860
     1847
     1846
     1871
     1896
     1893
     1939
     1950
     1933
     1932
     1932
     1975
     1974
     1977
     1974
     1974
     1981
     1978
     1980
     1989
     1979
     1932
     1935
     1945
     1944
     1954
     1979
     1976
     1970
     1975
     1971
     1974
     1972
     1977
     1974
     1978
     1981
     1977
     2023
     2029
     2028
     2025
     2033
     2025
     2036
     2025
     2026
     2025
     2029
     2022
     2025
