    39199
    39565
    39692
    36477
    33303
    32592
    32797
    32861
    32943
    32731
    32957
    32824
    32781
    32850
    32509
    32840
    32716
    33986
    34484
    34507
    35813
    38589
    41612
    45096
    46732
    46670
    46521
    46267
    45443
    33860
    33426
    33179
    33779
    33475
    33454
    33370
    33819
    33427
    37649
    33794
    32982
    32967
    33159
    32960
    32828
    33381
    33708
    33370
    33201
    33130
    33144
    33027
    33460
    33549
    33406
    33450
    33502
    33453
    33533
    33491
