    16925
    16925
    16927
    16935
    16926
    16953
    16923
    16934
    16926
    16931
    16933
    16926
    16933
    16931
    16930
    16929
    16925
    16928
    16946
    16931
    16936
    16952
    16928
    16927
    16930
    16929
    16964
    16929
    16932
    16935
    19472
    19482
    19470
    19477
    19476
    19474
    19467
    19469
    19481
    19484
    19471
    19475
    19469
    19467
    19484
    19463
    19468
    19470
    19480
    19470
    19470
    19465
    19470
    19472
    19488
    19474
    19489
    19470
    19468
    19473
