    72492
    67964
    67653
    68011
    68020
    67999
    67888
    67806
    67295
    67529
    67143
    67427
    67165
    71909
    73758
    67830
    67678
    67980
    67892
    67911
    67890
    73184
    67535
    67355
    67491
    68499
    72269
    73743
    67849
    67949
    67871
    67421
    67739
    68003
    67920
    67734
    67325
    68010
    68095
    67636
    67434
    67441
    67587
    67525
    67575
    68283
    67151
    67673
    67661
    67994
    67694
    67074
    67440
    67689
    67196
    67201
    68388
    66781
    67298
    66714
