   192875
   190735
   195289
   188632
   192559
   192859
   191768
   194210
   195519
   202225
   194259
   194644
   190627
   194953
   194904
   192573
   190963
   194494
   202778
   191959
   196478
   191680
   191693
   194168
   192391
   201699
   191069
   195342
   192209
   191722
   191903
   192434
   205124
   191979
   191734
   192652
   210685
   197404
   192125
   193220
   199184
   210528
   192423
   192938
   191913
   194481
   192992
   192444
   191926
   197405
   193947
   199806
   191672
   191548
   192158
   194399
   196839
   204692
   196988
   199382
