    29389
    29730
    29434
    29547
    29949
    29603
    29393
    29457
    29571
    29260
    30423
    29637
    29745
    29903
    29652
    29634
    29679
    29386
    29647
    29740
    29707
    29794
    29754
    29398
    29877
    29794
    29855
    29587
    29714
    29876
    29927
    29816
    29476
    29813
    29852
    29591
    29799
    29573
    29940
    29751
    30161
    29552
    29550
    29692
    29874
    29887
    29895
    30067
    29986
    29767
    29864
    29877
    29784
    30348
    29445
    29573
    30101
    29606
    29973
    29773
