    27060
    27067
    26227
    26523
    26772
    26808
    27065
    27055
    27026
    27069
    27035
    27070
    27044
    27074
    27064
    27062
    27066
    27037
    27070
    26087
    25559
    26495
    27023
    27091
    35056
    30715
    28023
    26421
    26412
    26671
    25011
    26076
    26575
    30682
    27049
    26687
    26910
    27066
    27063
    27078
    27054
    27026
    27060
    27065
    27059
    27075
    27074
    27083
    27037
    27069
    27080
    27072
    27031
    27277
    27058
    27066
    27071
    27070
    27001
    26869
