    47761
    48015
    47417
    48030
    47997
    53362
    47921
    47494
    47779
    47628
    47920
    47837
    47815
    47814
    47804
    47705
    47578
    47499
    47630
    47711
    53026
    47115
    47725
    47550
    47713
    47614
    47650
    47689
    49549
    48282
    52115
    55662
    55534
    55524
    49984
    49938
    49957
    49619
    50317
    49915
    49945
    49951
    49941
    50258
    50126
    50211
    49849
    49660
    49753
    49150
    47358
    47694
    47663
    52626
    47330
    47556
    47239
    47446
    47443
    47373
