       72
       86
       74
       70
       72
       74
       71
       73
       69
       69
       69
       68
       76
       69
       73
       75
       67
       71
       69
       68
       69
       69
       69
       67
       68
       76
       69
       71
       66
       65
       74
       71
       69
       73
       69
       69
       70
       70
       69
       69
       70
       71
       68
       68
       67
       67
       69
       70
       68
       67
       72
       68
       70
       70
       68
       71
       70
       70
       69
       71
