    17022
    16818
    17097
    16842
    16884
    16863
    16886
    16803
    17030
    16701
    17030
    16958
    17203
    16792
    17141
    16881
    17121
    16923
    17044
    16787
    17036
    16846
    16865
    16920
    16753
    16945
    16661
    17033
    17068
    17133
    17096
    17577
    17152
    17315
    16962
    17372
    17091
    17333
    16912
    17530
    17050
    17039
    16998
    16979
    17244
    17152
    17345
    17039
    17496
    17431
    17920
    17046
    17358
    17066
    17341
    17066
    17151
    17309
    17119
    17096
