     3649
     3752
     3691
     3666
     3683
     3633
     3657
     3651
     3652
     3650
     3683
     3647
     3675
     3648
     3632
     3640
     3646
     3662
     3655
     3643
     3647
     3652
     3714
     3645
     3649
     3664
     3645
     3651
     3700
     3624
     3731
     3720
     3738
     3697
     3729
     3669
     3713
     3704
     3765
     3718
     3695
     3651
     3736
     3703
     3748
     3710
     3694
     3746
     3700
     3688
     3759
     3709
     3808
     3634
     3768
     3630
     3828
     3696
     3869
     3665
